TILEMAP
17 17						        -- Size of tile map in tiles
32 32							-- Tile size & block size
images/SpriteSheetCeleste.png 	-- Tilesheet
7 13
09100809091015161616091025252508  
09100809091015161616091025252508  
0910151616172525  25081026332508  
0909031433252727  250810  193208  
180910252527      260817    2608  
09181027            28        08  
091617        07    35      0408  
10  06  1920  21            0109  
090314143327  2820        190818  
0909020332    353234      321516  
0909181027    142525253233250102  
18090910    192127  262525111609  
16160910    2528        26252508  
33271510  193328            2615  
      3519252735070707      1925  
    19322527050802020320  193225  
02020202020202090918102533252525  