TILEMAP
16 16						        -- Size of tile map in tiles
32 32							-- Tile size & block size
images/SpriteSheetCeleste.png 	-- Tilesheet
7 13	
091008090910151616160910      08
091015161617        0810      08
09090314            0810      08
180910              0817      08
091810              28        08
091617        07    35      0408
10  06        21            0109
09031414      28            0818
09090203      35            1516
09091810      14            0102
18090910      21          111609
16160910      28              08
    1510      28              15
      35      35070707          
            0508020203          
0202020202020209091810          


