TILEMAP
16 16						        -- Size of tile map in tiles
32 32							-- Tile size & block size
images/SpriteSheetCeleste.png 	-- Tilesheet
7 13
0909090909091617        15090909
091809090910              081809
090909180917              150909
0916090910                  1509
17  150917                    15
      35010203                  
        08091007070707        24
        15161612121213        31
              1414          0102
                            0809
                            0809
              07070707      0818
              11020213      0809
                0810        0809
020203    48    0810      480809
091810    21    0810      010909
                  
