TILEMAP
17 18						        --Size of tile map in tiles
32 32							-- Tile size & block size
images/SpriteSheetCeleste.png 	-- Tilesheet
7 13
10        1516161609180909090909  
10252525251516161609180909090909  
10253225252526253315161616160909  
102525252527    3225253225250818  
10252525  2527    26252533250809  
102625251925          1925250809  
100725322527  2520    2525250809  
0903252525    263225252532251516  
0917252520        25252525  68    
172532333233      33323327  68    
252532252527      262525          
2526252533          2525          
27    252520      263225          
        2625        252548        
24        25      19252568        
311932252025686868252527          
020202033325      3225            
                                  