TILEMAP
17 17						        -- Size of tile map in tiles
32 32							-- Tile size & block size
images/SpriteSheetCeleste.png 	-- Tilesheet
7 13
03150909180909161616161617    08  
03150909180909161616161617    08  
0903151616161727    2527      08  
09090314332532      26      0608  
16161725252527          05141408  
032223322527192520      11120209  
1029302525332527            1509  
09021212132525            192508  
091732252527              253208  
10    2632        323234  262708  
17      2534      25332525110209  
      1925253204  25252532250809  
      25322525010325        0809  
    1901032526151727  0707070809  
020202091027  010307070102020109  
09180909100707080902020909091809  
09090909090202090909090909090909  


