TILEMAP
17 18						        -- Size of tile map in tiles
32 32							-- Tile size & block size
images/SpriteSheetCeleste.png 	-- Tilesheet
7 13
091809090910        080918090909  
09180909091025253325080918090909  
09091809161732252625151609091809  
0909161725252527    262515160909  
181085                    860809  
091085                    860809  
091785        0707        861518  
102520      86111385        2508  
103325        253320        2608  
173232        263227          15  
262520      262533                
  2527        1933                
  2625        2527                
  1927      1925                  
  33        2532                  
1925  06    262520                
25010203      253325              
                                
                                