TILEMAP
17 17						        -- Size of tile map in tiles
32 32							-- Tile size & block size
images/SpriteSheetCeleste.png 	-- Tilesheet
7 13
091617      08161616161616160909  
091617      08161616161616160909  
102525      28222325252525250809  
172520      352930263225  260809  
25253327            252520  0818  
252525            19252525  0809  
253225              192527  0809  
25252520            2532    1516  
2525252525          252520    25  
33323332          26323234  3432  
2527  26            25      2525  
2519              193327    2532  
3227                26      2527  
27          070707          2619  
070714070707010203      4848  26  
02020202020308181007070714140707  
09180909091008091001020202020202  
